[[ 0.78523,  0.01605,  0.14915, -0.08940,  0.63189], 
[ 0.01605,  1.36564, -0.00184,  0.12625,  0.06519], 
[ 0.14915, -0.00184,  0.86805, -0.24137,  0.32770], 
[-0.08940,  0.12625, -0.24137,  0.88976, -0.05569], 
[ 0.63189,  0.06519,  0.32770, -0.05569,  1.19883]]

Polynomial:
[ 1.00000, -5.10751,  9.69264, -8.43413,  3.31222, -0.45916]
Eigenvalues:
[ 0.30521,  0.61276,  0.95510,  1.40539,  1.82905]
Eigenvectors: 
[ 0.49891,  0.31713,  0.32937, -0.07223,  0.73268]
[ 0.49890,  0.33508,  0.33137, -0.04799,  0.72575]
[ 0.49636,  0.36121,  0.33556, -0.00635,  0.71450]
[ 0.49150,  0.39695,  0.34908,  0.07034,  0.68852]
[ 0.48586,  0.42222,  0.36468,  0.14310,  0.65742]

Difference between Krylov and Danilevsky polynomials:
[0.00000e+00, 8.50875e-13, -3.89022e-12, 6.07336e-12, -3.64242e-12, 6.08902e-13]
Norm:
8.14749e-12
Eigenvectors deficiency norms:
1: 1.49642e+00
2: 1.18456e+00
3: 8.36029e-01
4: 4.00313e-01
5: 3.01398e-01
