[[ 5.10751, -9.69264,  8.43413, -3.31222,  0.45916], 
[ 1.00000,  0.00000,  0.00000,  0.00000,  0.00000], 
[ 0.00000,  1.00000,  0.00000, -0.00000,  0.00000], 
[ 0.00000, -0.00000,  1.00000, -0.00000,  0.00000], 
[-0.00000,  0.00000, -0.00000,  1.00000, -0.00000]]

Polynomial:
[ 1.00000, -5.10751,  9.69264, -8.43413,  3.31222, -0.45916]
Eigenvalues:
[ 0.30521,  0.61276,  0.95510,  1.40539,  1.82905]
Eigenvectors: 
[-0.74201, -0.00503, -0.24105, -0.16598,  0.60311]
[ 0.32157,  0.08877, -0.74137, -0.58231,  0.00262]
[ 0.22755, -0.28333, -0.47250,  0.74793,  0.29202]
[-0.00618,  0.95245, -0.10663,  0.28305,  0.03621]
[ 0.49891,  0.05824,  0.42351, -0.14676,  0.73945]

Eigenvalues deficiency:
[ 0.00001,  0.00001,  0.00001,  0.00002,  0.00003]
Eigenvectors deficiency norms:
1: 0.01167
2: 0.00007
3: 0.01248
4: 0.00248
5: 0.07424
