[  0.7277,  -0.0958,        0,        0,        0]   1.4363
[  0.0996,   1.1394,        0,        0,        0]  -1.6431
[       0,        0,   0.9154,  -0.2681,        0]   6.0514
[       0,        0,        0,   0.9001,  -0.0383]  -3.4508
[       0,        0,        0,   0.0192,   1.0724]   5.5727

Alpha: 0.13165 0.29288 0.04255 
Ksi: -0.01790 

x:
[ 1.76361, -1.59624,  5.55339, -3.60993,  5.26111]

r:
[8.32667e-17, 0.00000e+00, 2.22045e-16, -5.55112e-17, 8.88178e-16]
||r|| = 9.20967e-16

det = 0.74163

