Number of iterations: 22
[[ 0.30520, -0.00000, -0.00000, -0.00000,  0.00000], 
[-0.00000,  1.40550, -0.00000, -0.00000, -0.00000], 
[-0.00000, -0.00000,  0.61283,  0.00000,  0.00000], 
[-0.00000, -0.00000,  0.00000,  0.95497,  0.00000], 
[ 0.00000, -0.00000,  0.00000,  0.00000,  1.82901]]

Polynomial:
[ 1.00000, -5.10751,  9.69264, -8.43413,  3.31222, -0.45916]
Eigenvalues:
[ 0.30520,  1.40550,  0.61283,  0.95497,  1.82901]
Eigenvectors: 
[ 0.75469,  0.00890,  0.21316,  0.14402, -0.60348]
[-0.00519,  0.95275, -0.10891,  0.28119,  0.03620]
[-0.32157, -0.08876,  0.74137,  0.58231, -0.00262]
[ 0.23946, -0.28145, -0.49971,  0.72686,  0.29226]
[ 0.51930,  0.07140,  0.37864, -0.18107,  0.74100]

Eigenvalues deficiency:
[4.52571e-12, 2.23910e-12, 1.19904e-13, 1.73195e-14, -1.82965e-13]
Eigenvectors deficiency norms:
1: 3.85529e-06
2: 3.85495e-06
3: 1.09483e-07
4: 4.65728e-07
5: 4.75459e-07
