  0.7277  -0.0958   0.0192   0.0383   0.1341   1.4363
  0.0996   1.1394        0  -0.0766   0.0766  -1.6431
  0.0575        0   0.9154  -0.2681   0.1532   6.0514
 -0.1149   0.2413        0   0.9001  -0.0383  -3.4508
  0.4788        0   0.1724   0.0192   1.0724   5.5727

 1.00000 -0.13165  0.02638  0.05263  0.18428  1.97375
       0  1.00000 -0.00228 -0.07101  0.05054 -1.59624
       0        0  1.00000 -0.29608  0.15562  6.51055
       0        0        0  1.00000 -0.03153 -3.12597
       0        0        0        0  1.00000  4.00026

x = ( 0.99926 -2.00003  4.99983 -2.99985  4.00026)

r = (1.11022e-16 2.77556e-16 -6.66134e-16 1.66533e-16 0.00000e+00)

detA = 0.67761

A^(-1):
 1.47772  0.13388  0.00608 -0.04548 -0.19684
-0.07177  0.85464  0.01107  0.08017 -0.05079
 0.07256 -0.06342  1.11967  0.32827 -0.15277
 0.17917 -0.21397 -0.00996  1.08149  0.03293
-0.67464 -0.04575 -0.18253 -0.05183  1.04434

R:
-2.22045e-16 1.38778e-17 6.93889e-18 1.17094e-17 -2.77556e-17
6.93889e-18 0.00000e+00 1.73472e-18 -1.40946e-18 0.00000e+00
1.38778e-17 0.00000e+00 0.00000e+00 -1.30104e-18 -2.77556e-17
1.73472e-17 0.00000e+00 8.67362e-19 0.00000e+00 0.00000e+00
0.00000e+00 -5.20417e-18 0.00000e+00 -3.46945e-18 1.11022e-16

