  0.7277  -0.0958   0.0192   0.0383   0.1341   1.4363
  0.0996   1.1394        0  -0.0766   0.0766  -1.6431
  0.0575        0   0.9154  -0.2681   0.1532   6.0514
 -0.1149   0.2413        0   0.9001  -0.0383  -3.4508
  0.4788        0   0.1724   0.0192   1.0724   5.5727

1 iteration:
Deficiency:
 0.49762  0.60521  1.34954 -0.43021  2.06817
x = ( 1.43630 -1.64310  6.05140 -3.45080  5.57270)

2 iteration:
Deficiency:
-0.09167 -0.08135 -0.19327  0.00381  0.15596
x = ( 0.82085 -2.07273  4.75936 -2.98769  4.26379)

3 iteration:
Deficiency:
-0.03832 -0.02223 -0.04866  0.00819  0.02418
x = ( 0.93423 -2.01739  4.94297 -2.99183  4.06084)

4 iteration:
Deficiency:
-0.01066 -0.00479 -0.00998  0.00236  0.00545
x = ( 0.98162 -2.00356  4.98813 -2.99791  4.01507)

5 iteration:
Deficiency:
-0.00271 -0.00109 -0.00223  0.00058  0.00133
x = ( 0.99481 -2.00081  4.99719 -2.99941  4.00391)

6 iteration:
Deficiency:
-0.00067 -0.00026 -0.00053  0.00014  0.00033
x = ( 0.99816 -2.00022  4.99919 -2.99975  4.00116)

7 iteration:
Deficiency:
-0.00016 -0.00006 -0.00013  0.00003  0.00008
x = ( 0.99899 -2.00008  4.99967 -2.99983  4.00048)

8 iteration:
Deficiency:
-0.00004 -0.00002 -0.00003  0.00001  0.00002
x = ( 0.99919 -2.00004  4.99979 -2.99985  4.00032)

9 iteration:
Deficiency:
-0.00001 -0.00000 -0.00001  0.00000  0.00000
x = ( 0.99924 -2.00003  4.99982 -2.99985  4.00028)

10 iteration:
Deficiency:
-0.00000 -0.00000 -0.00000  0.00000  0.00000
x = ( 0.99925 -2.00003  4.99982 -2.99985  4.00027)

x = ( 0.99925 -2.00003  4.99982 -2.99985  4.00027)

r = (-2.44818e-06 -9.49387e-07 -1.97813e-06 4.95595e-07 1.19904e-06)
||r|| = 3.53429e-06

det = 0.00000

