[[ 0.78523,  0.01605,  0.14915, -0.08940,  0.63189], 
[ 0.01605,  1.36564, -0.00184,  0.12625,  0.06519], 
[ 0.14915, -0.00184,  0.86805, -0.24137,  0.32770], 
[-0.08940,  0.12625, -0.24137,  0.88976, -0.05569], 
[ 0.63189,  0.06519,  0.32770, -0.05569,  1.19883]]

Polynomial:
[ 0.00000,  0.00000,  0.00000,  0.00000,  0.00000,  0.00000]
Eigenvalues:
[ 1.82901,  1.82898,  1.82901,  1.82901,  1.82901]
Eigenvectors: 
[ 0.51930,  0.07140,  0.37863, -0.18107,  0.74100]

Eigenvalues deficiency:
[0.00000e+00, 0.00000e+00, 0.00000e+00, 0.00000e+00, 0.00000e+00]
Eigenvectors deficiency norms:
1: 1.75271e-06
