[  0.7277,  -0.0958,   0.0192,   0.0383,   0.1341]   1.4363
[  0.0996,   1.1394,        0,  -0.0766,   0.0766]  -1.6431
[  0.0575,        0,   0.9154,  -0.2681,   0.1532]   6.0514
[ -0.1149,   0.2413,        0,   0.9001,  -0.0383]  -3.4508
[  0.4788,        0,   0.1724,   0.0192,   1.0724]   5.5727

[ 0.88613,  0.01811,  0.16832, -0.10089,  0.71309]  4.84602
[ 0.00000,  1.16846, -0.00418,  0.10961,  0.04474] -2.50771
[-0.00000, -0.00000,  0.91635, -0.24437,  0.22683]  6.22207
[-0.00000, -0.00000,  0.00000,  0.89880,  0.07430] -2.39905
[ 0.00000, -0.00000, -0.00000, -0.00000,  0.79458]  3.17853

x:
[ 0.99926, -2.00003,  4.99983, -2.99985,  4.00026]

r:
[0.00000e+00, -7.21645e-16, 0.00000e+00, 1.94289e-16, 0.00000e+00]
||r|| = 7.47342e-16

det = 0.67761

