  0.7277  -0.0958   0.0192   0.0383   0.1341   1.4363
  0.0996   1.1394        0  -0.0766   0.0766  -1.6431
  0.0575        0   0.9154  -0.2681   0.1532   6.0514
 -0.1149   0.2413        0   0.9001  -0.0383  -3.4508
  0.4788        0   0.1724   0.0192   1.0724   5.5727

A^TA | A^Tb:
 0.78523  0.01605  0.14915 -0.08940  0.63189  4.29420
 0.01605  1.36564 -0.00184  0.12625  0.06519 -2.84242
 0.14915 -0.00184  0.86805 -0.24137  0.32770  6.52776
-0.08940  0.12625 -0.24137  0.88976 -0.05569 -4.44058
 0.63189  0.06519  0.32770 -0.05569  1.19883  7.10215

S:
 0.88613  0.01811  0.16832 -0.10089  0.71309
 0.00000  1.16846 -0.00418  0.10961  0.04474
 0.00000  0.00000  0.91635 -0.24437  0.22683
 0.00000  0.00000  0.00000  0.89880  0.07430
 0.00000  0.00000  0.00000  0.00000  0.79458

x = ( 0.99926 -2.00003  4.99983 -2.99985  4.00026)

r = (3.33067e-16 -4.44089e-16 1.11022e-16 -2.49800e-16 8.88178e-16)
||r|| = 1.08247e-15

det = 0.45915

(A^TA)^(-1):
 2.24243  0.01477  0.12068  0.18039 -1.20737
 0.01477  0.74469 -0.01294 -0.11081 -0.04989
 0.12068 -0.01294  1.39405  0.36541 -0.42699
 0.18039 -0.11081  0.36541  1.24868 -0.13094
-1.20737 -0.04989 -0.42699 -0.13094  1.58388

R:
4.44089e-16 6.93889e-18 -5.55112e-17 1.38778e-17 -4.44089e-16
1.38778e-17 1.11022e-16 3.46945e-18 2.77556e-17 -1.38778e-17
-5.55112e-17 1.04083e-17 -2.22045e-16 -1.11022e-16 1.11022e-16
5.55112e-17 -1.56125e-17 -3.12250e-17 3.33067e-16 -2.77556e-17
2.22045e-16 6.93889e-18 0.00000e+00 -2.77556e-17 1.11022e-16

||R|| = 8.16605e-16
