[  0.7277,  -0.0958,   0.0192,   0.0383,   0.1341]   1.4363
[  0.0996,   1.1394,        0,  -0.0766,   0.0766]  -1.6431
[  0.0575,        0,   0.9154,  -0.2681,   0.1532]   6.0514
[ -0.1149,   0.2413,        0,   0.9001,  -0.0383]  -3.4508
[  0.4788,        0,   0.1724,   0.0192,   1.0724]   5.5727

B: 
[[ 0.69667, -0.00620, -0.05762,  0.03454, -0.24410], 
[-0.00620,  0.47246,  0.00071, -0.04877, -0.02518], 
[-0.05762,  0.00071,  0.66468,  0.09324, -0.12659], 
[ 0.03454, -0.04877,  0.09324,  0.65629,  0.02151], 
[-0.24410, -0.02518, -0.12659,  0.02151,  0.53690]]

B norm: 1.43318

Number of iterations: 71

x:
[ 0.99920, -2.00003,  4.99981, -2.99986,  4.00031]

r:
[-3.79373e-05, -2.23149e-06, -8.54400e-06, -5.42097e-06, 1.95891e-05]
||r|| = 4.39356e-05

