  0.7277  -0.0958   0.0192   0.0383   0.1341   1.4363
  0.0996   1.1394        0  -0.0766   0.0766  -1.6431
  0.0575        0   0.9154  -0.2681   0.1532   6.0514
 -0.1149   0.2413        0   0.9001  -0.0383  -3.4508
  0.4788        0   0.1724   0.0192   1.0724   5.5727

1 iteration:
Deficiency:
 0.49762  0.60521  1.34954 -0.43021  2.06817
x = ( 1.43630 -1.64310  6.05140 -3.45080  5.57270)

2 iteration:
Deficiency:
 0.03720 -0.11981  0.02795 -0.13601 -0.02042
x = ( 1.04857 -2.11465  4.99989 -3.11560  3.96126)

3 iteration:
Deficiency:
 0.00877 -0.00664 -0.02780  0.00535 -0.01871
x = ( 1.01460 -2.00527  4.97437 -2.99142  3.97991)

4 iteration:
Deficiency:
 0.00470  0.00167  0.00068  0.00250  0.00131
x = ( 1.00606 -1.99880  5.00145 -2.99662  3.99813)

5 iteration:
Deficiency:
 0.00088 -0.00079  0.00023  0.00028 -0.00281
x = ( 1.00100 -2.00060  5.00071 -2.99932  3.99672)

6 iteration:
Deficiency:
 0.00048  0.00041  0.00051  0.00020  0.00010
x = ( 0.99999 -1.99970  5.00046 -2.99964  3.99992)

7 iteration:
Deficiency:
 0.00013 -0.00011  0.00004 -0.00003 -0.00034
x = ( 0.99950 -2.00012  4.99993 -2.99985  3.99982)

8 iteration:
Deficiency:
 0.00006  0.00005  0.00004  0.00003  0.00001
x = ( 0.99935 -1.99999  4.99988 -2.99982  4.00022)

9 iteration:
Deficiency:
 0.00002 -0.00001  0.00001 -0.00000 -0.00004
x = ( 0.99929 -2.00004  4.99984 -2.99985  4.00021)

10 iteration:
Deficiency:
 0.00001  0.00001  0.00000  0.00000  0.00000
x = ( 0.99927 -2.00003  4.99983 -2.99985  4.00026)

11 iteration:
Deficiency:
 0.00000 -0.00000  0.00000 -0.00000 -0.00000
x = ( 0.99926 -2.00003  4.99983 -2.99985  4.00026)

x = ( 0.99926 -2.00003  4.99983 -2.99985  4.00026)

r = (1.83360e-06 -1.72289e-06 9.42610e-07 -5.80045e-07 -4.42362e-06)
||r|| = 5.20806e-06

det = 0.00000

