  0.7277  -0.0958   0.0192   0.0383   0.1341   1.4363
  0.0996   1.1394        0  -0.0766   0.0766  -1.6431
  0.0575        0   0.9154  -0.2681   0.1532   6.0514
 -0.1149   0.2413        0   0.9001  -0.0383  -3.4508
  0.4788        0   0.1724   0.0192   1.0724   5.5727

1 iteration:
Deficiency:
 0.49762  0.60521  1.34954 -0.43021  2.06817
x = ( 1.43630 -1.64310  6.05140 -3.45080  5.57270)

2 iteration:
Deficiency:
-0.15058 -0.14703 -0.35346  0.05371  0.00000
x = ( 0.75247 -2.11449  4.62010 -2.93376  4.17031)

3 iteration:
Deficiency:
-0.02616 -0.00676 -0.00628  0.00579  0.00000
x = ( 0.95939 -2.00354  4.99323 -2.99677  4.01907)

4 iteration:
Deficiency:
-0.00252 -0.00108 -0.00187  0.00064  0.00000
x = ( 0.99534 -2.00075  4.99783 -2.99936  4.00232)

5 iteration:
Deficiency:
-0.00029 -0.00011 -0.00016  0.00007 -0.00000
x = ( 0.99881 -2.00010  4.99965 -2.99980  4.00049)

6 iteration:
Deficiency:
-0.00003 -0.00001 -0.00002  0.00001  0.00000
x = ( 0.99921 -2.00004  4.99981 -2.99985  4.00029)

7 iteration:
Deficiency:
-0.00000 -0.00000 -0.00000  0.00000  0.00000
x = ( 0.99925 -2.00003  4.99982 -2.99985  4.00027)

x = ( 0.99925 -2.00003  4.99982 -2.99985  4.00027)

r = (-3.46218e-06 -1.31784e-06 -2.07004e-06 8.47465e-07 0.00000e+00)
||r|| = 4.32743e-06

det = 0.00000

